一 1 2 3 4 5 6 7 8 9 10 11 12 13 14 15 16 201 494 495 591
三 17 18 269
上 76 214 247 584
下 1 19 20 21
不 22 23 24 25 26 27 28 29 30 31 32 33 34 198 271 294 296 448 600
与 171 255
专 35 36 37 38 39 40
业 35 36 37 41 83 132 411 549
丛 42
两 43 44 45
个 2 17 43 346 407
中 46 47 57 249
为 368 374 488 489 555 560
主 48 49 50 51 52
义 310
之 53 54 55 236 287 489
习 239
书 36 37 42 56 57 58 59 127 158 161 204 205 233 344 387 449
买 60 61 592
了 62 259
事 63 69 74
二 496
于 208 304 380
亏 64 65 459 547 548
互 467
五 66 497
些 3
产 422 446 594 661
京 67
人 38 68 69 70 262
今 71
介 72 569
仍 73
从 74
他 429
代 75
以 23 76 77 78 79 80 258
们 70
件 390
价 81 82 173 242
任 128
企 83 84
休 615
会 24 85 87 481 587 604
传 451
伯 597
估 86 570
似 468
位 157 199
低 376 639
体 87 88 114
作 89 90 156 241 261 262 546 616
佳 377
使 91
例 92 405 409
供 93 335
便 94
促 95
信 96 97
修 98
倒 99
债 100 586
值 81 173
做 101
健 102 103
像 234 264
充 104
兑 617
入 512 608
全 102 105 106 107
公 108 109
共 110
关 111
兴 112 658
其 113
具 114 263
典 115
养 545
内 53 77 116 117
册 4 118
再 119
写 120 121
冲 122
决 123 124 290 554
况 308
净 270
准 125 398
几 235
凡 126
出 127 128 129 130 131 132 133 134 135 136 137 138 139 140 282 336 339 354 394 558 600 612
分 15 141 142 154 155 316 458 523 607 620
切 143 252
刊 144 195
划 556
列 283
则 168
创 145
利 146 147 148 149 413 460 511 648
别 153
到 61 101 150 294 309 313 601
制 524
刻 362 425
前 78 649
力 145 152 575
功 151
加 216
务 41 100 287 588
动 152 420 421 422 538 659
励 666
化 180 348
区 153
十 154 155
协 156
单 157 498 559
卖 158 159
印 160 161 162 220 221 331 624
危 163
却 164
历 165 166
压 486
原 167 168 169
去 20 170 457 609
参 171 172 173
及 369 424 563
反 174
发 133 175 176 177 178 612
取 179 193 194
变 180
只 181 182
可 25 183 258 296
史 165 184
号 96 185 350 385
各 186 187 188
合 189 493 521
同 26 190 285
名 129 191 210
后 54 79 192 378 641
向 311
否 367 535
听 193 236
吸 194
员 262
周 195 196 197 198
和 657
品 199 200
响 289
售 628 629 630
唯 201
商 134
因 186 202 368
困 203
围 543
国 319 528
图 84 204 205 206 207 571
在 208 209 237 243 438
地 210 211
场 265
型 115 503
培 212
基 213 214 215
境 437
增 216
墨 475
壮 217
处 130 218 219
复 220 221 222
外 92 223
多 27 224 230 271 337 562
够 536
大 217 225 226 227 228 229 396 523
天 71 365
太 230
头 231 321
套 5 542
好 232 233 234 235 338 379
妄 236
妨 28
姑 236
子 452
存 237 238 276
学 226 239 240 241 349 483 484 500
定 6 123 242 358 479 553
宜 94
实 113 243 244 245 246 247 474 516 548 633
客 248
家 135 249 250
容 116 251
密 252
察 419
对 253 254
导 255 653
小 227 256
少 296 526 539
尝 257
就 258 259
展 175
工 260 261 262 263
巧 324
已 264 439
市 265
帐 266
带 267
常 514 646
幅 501
干 542
平 414
年 18 44 80 166 268 269 270 408 495
并 271 272 273
广 274 275
序 485
库 276
应 93 275 277 278 279 469
底 290
度 490 610 640 662
康 103
建 280 281
开 282 283 284
异 285
式 108 356
强 286 292
当 287 307 470
录 561 637
形 288
影 289 453 454
彻 290
很 291 292 293
得 179 294 295 315 544 584
必 29 296 297 298 299
志 389
快 300
忽 301
思 302 303
急 287 304
性 305 326 432 442 460 522 626 647
总 306
息 97
恰 307
悉 430
情 63 308
想 302 309 443 567
意 21 155 310 311 312 418
感 313
愿 30
慧 372
懂 314 315 577
成 316 317 318 478
我 319
户 600
所 320
手 209 321 400
才 322
批 323
技 324 325 326
报 327
指 328
损 65 329 380
掉 159
掌 330
排 331
掘 176
推 332 333
描 334
提 335 336 337 338
握 330
攒 487
支 339
收 278 340
改 98
效 341 342 481 517 663
教 343 344
数 162 345
整 346
文 169 347 348 349 350 351 388 564
斯 352
新 353 354
方 355 356 357
既 358 359
日 360
时 361 362 363 364
明 365 366 574 664
易 251
映 174
是 31 184 367 368 461 605
普 369 370
景 371
晰 426
智 32 372
更 373 374
曾 375
最 376 377 378 379
有 320 359 380 381 382 383 417 433 658
服 575
期 150 196 384 385 476 633
未 272 386
本 7 213 214 235 317 387 388 595
术 240 241 325 326 529 540
机 149 221 452 455
杂 222 389
材 343
束 510
条 390
来 267 391 392 393 450 558 598 602
杰 394
板 532
极 395 396
析 142
林 370
果 341 478
架 399
标 328 397 398 464
样 190
框 399
棘 400
概 401
次 8
款 402
正 109 403 404
此 405
步 45 406 496
每 407 408
比 253 409 410 458
毕 411 412
毛 413
水 414
求 551 613 644
沉 415
沟 416
没 417
法 207 473
泛 274 275
注 155 418
洞 419
活 420 447
流 421 422 423
济 515 516 517
海 228
浸 415
涉 424
润 147 511
深 425
清 426
渠 427
满 104
火 428
灵 198
点 9 434 552
烦 665
然 297 429
熟 430
版 119 131 132 133 134 135 136 137 138 269 354
物 136 431 578
特 432 433 434 597
献 350
率 342 410 435
王 436
环 437
现 88 139 244 438 439 440 441
理 219 442 443 444 484 499 500 519 647
甜 445
生 446 447 638
用 148 149 250 275 381 448 449 450 516 593 623
电 451 452 453 454 455 456
略 457
百 458
的 465 530
盈 245 459 460 461 548 648
益 295 329 382 462 481 517
监 463
盘 105
目 464 465
直 466
相 467 468 469 470
盾 49
省 471
看 258 472 473
真 474
着 448 475
督 463
矛 49
短 476
研 477 478
础 215
确 125 366 404 479
示 550
社 137 480 481 482
神 505
种 10 66 186 200 224 606
科 344 483 484 500
秩 485
积 486 487
称 488 489
程 356 360 490 582
税 491
究 477 478
突 122
立 280 492
竟 412
章 11 351 497
符 493
第 494 495 496 497 591
简 498
算 124 149 189 452 557 558
管 484 499 500 519
篇 501
籍 37 58
类 187 502 503
精 504 505 506 507
系 111 349 508 534
素 186 202
约 509 510
纯 511
纳 512
细 513 572
绍 72
经 514 515 516 517 518 519 520
结 306 521 522
绘 334
给 121
绝 523
统 508
编 524 525 589
缺 526
署 354
美 527 528 529 530
群 580
翻 531
老 532
考 172 173 533
者 90 519 579 580
职 50
联 534
育 212
能 33 151 182 183 298 535 536
脱 537
自 391 538
至 466 539
致 618
艺 540
节 12 513
花 428 541
若 542
苦 445
范 543
荐 332
获 544
营 518 519 545
著 241 546
虑 533
虚 547 548
行 133 177 259 549 611
表 75 124 206 327 329 360 550 556
被 211
要 48 49 50 551 625 626 645
见 312
观 51 248 552
规 553
视 301 455
解 62 207 290 444 554
言 652
誉 555
计 86 149 452 529 556 557 558 568
订 559
认 560
议 281
记 561
讲 39 392
许 562
论 401 492 522 563 564 565
设 529 566 567 568
评 59 323 569 570
识 21
译 531
试 257 571
该 279
详 572
误 632
说 393 573 574 575
读 34 126 576 577 578 579 580 581 635
课 582
调 286
谈 583 584
象 254 288 371 440
贝 585
负 491 586
财 587 588
责 50 589
货 178 238 631
质 431 590 591
购 592
费 541 593
资 422 594 595
赚 596
赫 597
走 45
起 13 581 598
超 599
趣 112 658
足 600
路 303
践 633
身 140 143
转 197 198
辑 525
辟 506
辣 445
达 601
过 599 602
还 603 604
这 605 606 607
进 95 608 609 610 611
述 565 636
迸 612
追 613 614
退 615
选 616
逐 614
通 416 423 507
速 617
造 145
道 14 427
遭 618
部 15 106 117 138 223 523 607 619 620 621
都 622
酸 445
采 623
重 624 625 626
量 93 229 345 590 591 629
金 441 627
钮 456
钱 82 596
销 333 537 628 629 630 631
错 632
长 318 482 633
门 621
问 634
间 55 363
闻 354
阅 635
阐 636
阔 284
附 637
际 246 247
陌 638
降 639
限 383 640
院 454
险 163 656
随 641
隔 364
难 203 293 642
集 564
需 643 644 645
非 273 646 647 648
面 107 355 357 649
页 650
项 16 188 651
须 299
顿 352
预 652
领 47 653
题 40 52 634 654
额 402 627 630 655
风 656
饱 657
饶 658
馆 205
驱 659
验 520
高 342 660 661 662 663 664
麻 665
鼓 666
