3635 12449716 6603
3634 12448203 1513
3633 12425772 22431
3632 12424830 942
3631 12423054 1776
3630 12417176 5878
3629 12411951 5225
3628 12400322 11629
3627 12399102 1220
3626 12396375 2727
3625 12393526 2849
3624 12385748 7778
3623 12370792 14956
3622 12369752 1040
3621 12368793 959
3620 12367143 1650
3619 12357457 9686
3618 12353949 3508
3617 12346452 7497
3616 12338323 8129
3615 12335485 2838
3614 12333636 1849
3613 12331919 1717
3612 12326970 4949
3611 12325567 1403
3610 12322816 2751
3609 12320268 2548
3608 12314129 6139
3607 12298943 15186
3606 12296387 2556
3605 12292927 3460
3604 12291285 1642
3603 12289778 1507
3602 12288355 1423
3601 12286526 1829
3600 12284198 2328
3599 12282201 1997
3598 12279167 3034
3597 12273670 5497
3596 12263751 9919
3595 12262517 1234
3594 12256568 5949
3593 12250863 5705
3592 12244384 6479
3591 12242296 2088
3590 12230794 11502
3589 12221655 9139
3588 12215491 6164
3587 12214373 1118
3586 12200284 14089
3585 12196482 3802
3584 12188600 7882
3583 12184657 3943
3582 12181158 3499
3581 12179404 1754
3580 12169663 9741
3579 12165042 4621
3578 12163619 1423
3577 12157941 5678
3576 12156545 1396
3575 12151114 5431
3574 12135860 15254
3573 12134119 1741
3572 12131808 2311
3571 12125760 6048
3570 12123387 2373
3569 12118523 4864
3568 12114115 4408
3567 12110796 3319
3566 12109421 1375
3565 12105460 3961
3564 12104308 1152
3563 12096973 7335
3562 12091861 5112
3561 12086201 5660
3560 12083274 2927
3559 12079688 3586
3558 12075322 4366
3557 12072925 2397
3556 12071982 943
3555 12065039 6943
3554 12059948 5091
3553 12056268 3680
3552 12055655 613
3551 12052428 3227
3550 12044268 8160
3549 12038674 5594
3548 12036747 1927
3547 12033678 3069
3546 12030307 3371
3545 12022705 7602
3544 12020984 1721
3543 12018372 2612
3542 12016323 2049
3541 12014599 1724
3540 12007101 7498
3539 12004139 2962
3538 12001143 2996
3537 11994649 6494
3536 11992655 1994
3535 11987463 5192
3534 11981201 6262
3533 11972459 8742
3532 11970480 1979
3531 11967715 2765
3530 11963060 4655
3529 11961498 1562
3528 11960206 1292
3527 11957981 2225
3526 11954115 3866
3525 11949087 5028
3524 11943211 5876
3523 11941698 1513
3522 11940008 1690
3521 11929821 10187
3520 11926218 3603
3519 11922072 4146
3518 11906702 15370
3517 11903309 3393
3516 11899552 3757
3515 11894758 4794
3514 11891336 3422
3513 11888815 2521
3512 11883457 5358
3511 11881655 1802
3510 11879733 1922
3509 11852961 26772
3508 11850657 2304
3507 11848529 2128
3506 11845346 3183
3505 11843126 2220
3504 11833419 9707
3503 11828999 4420
3502 11826041 2958
3501 11824925 1116
3500 11824116 809
3499 11823499 617
3498 11821130 2369
3497 11819659 1471
3496 11818503 1156
3495 11816951 1552
3494 11815555 1396
3493 11812373 3182
3492 11809569 2804
3491 11807429 2140
3490 11805924 1505
3489 11805378 546
3488 11801126 4252
3487 11800655 471
3486 11797939 2716
3485 11791468 6471
3484 11790222 1246
3483 11785361 4861
3482 11784573 788
3481 11784052 521
3480 11782720 1332
3479 11779700 3020
3478 11778035 1665
3477 11774476 3559
3476 11773457 1019
3475 11769893 3564
3474 11763258 6635
3473 11761987 1271
3472 11760479 1508
3471 11757897 2582
3470 11756096 1801
3469 11755033 1063
3468 11747993 7040
3467 11747654 339
3466 11742890 4764
3465 11741639 1251
3464 11739416 2223
3463 11738442 974
3462 11734707 3735
3461 11731739 2968
3460 11729937 1802
3459 11718395 11542
3458 11717656 739
3457 11715813 1843
3456 11714725 1088
3455 11713778 947
3454 11712935 843
3453 11710863 2072
3452 11699343 11520
3451 11697782 1561
3450 11695470 2312
3449 11694096 1374
3448 11693561 535
3447 11692198 1363
3446 11690162 2036
3445 11688567 1595
3444 11686894 1673
3443 11681947 4947
3442 11674913 7034
3441 11667469 7444
3440 11666111 1358
3439 11658001 8110
3438 11656783 1218
3437 11654266 2517
3436 11653005 1261
3435 11651695 1310
3434 11651131 564
3433 11648501 2630
3432 11645370 3131
3431 11644009 1361
3430 11640098 3911
3429 11639182 916
3428 11637878 1304
3427 11633295 4583
3426 11632938 357
3425 11631904 1034
3424 11629225 2679
3423 11628121 1104
3422 11626607 1514
3421 11624407 2200
3420 11622884 1523
3419 11621339 1545
3418 11620949 390
3417 11618331 2618
3416 11615763 2568
3415 11610816 4947
3414 11608657 2159
3413 11606813 1844
3412 11602603 4210
3411 11601503 1100
3410 11596993 4510
3409 11595194 1799
3408 11593965 1229
3407 11592467 1498
3406 11588500 3967
3405 11578883 9617
3404 11577940 943
3403 11576288 1652
3402 11574596 1692
3401 11573611 985
3400 11571531 2080
3399 11570043 1488
3398 11561693 8350
3397 11560206 1487
3396 11557119 3087
3395 11553428 3691
3394 11552366 1062
3393 11550990 1376
3392 11548613 2377
3391 11545893 2720
3390 11544705 1188
3389 11541525 3180
3388 11539990 1535
3387 11537422 2568
3386 11529599 7823
3385 11526465 3134
3384 11525602 863
3383 11521773 3829
3382 11520875 898
3381 11520028 847
3380 11518339 1689
3379 11517127 1212
3378 11515490 1637
3377 11514350 1140
3376 11513072 1278
3375 11508914 4158
3374 11506062 2852
3373 11504383 1679
3372 11499179 5204
3371 11496358 2821
3370 11495655 703
3369 11492995 2660
3368 11491793 1202
3367 11489842 1951
3366 11486469 3373
3365 11484718 1751
3364 11479892 4826
3363 11477536 2356
3362 11475818 1718
3361 11469792 6026
3360 11468578 1214
3359 11460950 7628
3358 11453340 7610
3357 11450205 3135
3356 11449010 1195
3355 11447807 1203
3354 11442582 5225
3353 11439769 2813
3352 11436227 3542
3351 11433121 3106
3350 11431348 1773
3349 11428890 2458
3348 11424446 4444
3347 11417082 7364
3346 11415199 1883
3345 11414814 385
3344 11412178 2636
3343 11408121 4057
3342 11404066 4055
3341 11398329 5737
3340 11396498 1831
3339 11387620 8878
3338 11384175 3445
3337 11381873 2302
3336 11377224 4649
3335 11371105 6119
3334 11366782 4323
3333 11356386 10396
3332 11350702 5684
3331 11347809 2893
3330 11342062 5747
3329 11335664 6398
3328 11326081 9583
3327 11321623 4458
3326 11314862 6761
3325 11306924 7938
3324 11305384 1540
3323 11302941 2443
3322 11297964 4977
3321 11295797 2167
3320 11285677 10120
3319 11284029 1648
3318 11280275 3754
3317 11277317 2958
3316 11273595 3722
3315 11271245 2350
3314 11267556 3689
3313 11265358 2198
3312 11255228 10130
3311 11248379 6849
3310 11244783 3596
3309 11238399 6384
3308 11236160 2239
3307 11235043 1117
3306 11230729 4314
3305 11227031 3698
3304 11224920 2111
3303 11217388 7532
3302 11212868 4520
3301 11210396 2472
3300 11203939 6457
3299 11194196 9743
3298 11192279 1917
3297 11188273 4006
3296 11186555 1718
3295 11180892 5663
3294 11177233 3659
3293 11172607 4626
3292 11168882 3725
3291 11159823 9059
3290 11146140 13683
3289 11139581 6559
3288 11137446 2135
3287 11122944 14502
3286 11118638 4306
3285 11116722 1916
3284 11114669 2053
3283 11112039 2630
3282 11110884 1155
3281 11109187 1697
3280 11105681 3506
3279 11103417 2264
3278 11100898 2519
3277 11098801 2097
3276 11096299 2502
3275 11091466 4833
3274 11089991 1475
3273 11086000 3991
3272 11085408 592
3271 11083894 1514
3270 11082670 1224
3269 11080677 1993
3268 11079692 985
3267 11077429 2263
3266 11076294 1135
3265 11071595 4699
3264 11067197 4398
3263 11064670 2527
3262 11063758 912
3261 11062088 1670
3260 11060906 1182
3259 11059065 1841
3258 11057756 1309
3257 11053494 4262
3256 11052540 954
3255 11051773 767
3254 11048591 3182
3253 11047742 849
3252 11043518 4224
3251 11042814 704
3250 11039828 2986
3249 11034490 5338
3248 11033494 996
3247 11031603 1891
3246 11030137 1466
3245 11023826 6311
3244 11011948 11878
3243 11003744 8204
3242 10998906 4838
3241 10993498 5408
3240 10986033 7465
3239 10980628 5405
3238 10971494 9134
3237 10969426 2068
3236 10967223 2203
3235 10963720 3503
3234 10961328 2392
3233 10957976 3352
3232 10954443 3533
3231 10948650 5793
3230 10940979 7671
3229 10937871 3108
3228 10933374 4497
3227 10928642 4732
3226 10923867 4775
3225 10921280 2587
3224 10919335 1945
3223 10914092 5243
3222 10911468 2624
3221 10908278 3190
3220 10901476 6802
3219 10900245 1231
3218 10897812 2433
3217 10895125 2687
3216 10893142 1983
3215 10891871 1271
3214 10886372 5499
3213 10885048 1324
3212 10883058 1990
3211 10879307 3751
3210 10878477 830
3209 10872694 5783
3208 10868399 4295
1491 4740966 4459
1490 4740041 925
1489 4737251 2790
1488 4727374 9877
1487 4721516 5858
1486 4721171 345
1485 4718763 2408
1484 4716396 2367
1483 4713794 2602
1482 4711307 2487
1481 4708299 3008
1480 4704504 3795
1479 4700589 3915
1478 4696099 4490
1477 4693978 2121
1476 4692169 1809
1475 4690223 1946
1474 4688020 2203
1473 4684684 3336
1472 4682073 2611
1471 4680108 1965
1470 4677287 2821
1469 4674397 2890
1468 4672171 2226
1467 4670307 1864
1466 4668281 2026
1465 4665219 3062
1464 4662974 2245
1463 4659550 3424
1462 4657666 1884
1461 4655700 1966
1460 4652885 2815
1459 4650941 1944
1458 4643082 7859
1457 4629604 13478
1456 4626821 2783
1455 4622952 3869
1454 4620591 2361
1453 4620261 330
1452 4617606 2655
1451 4611367 6239
1450 4595689 15678
1449 4591755 3934
1448 4589197 2558
1447 4584348 4849
1446 4572069 12279
1445 4568015 4054
1444 4560301 7714
1443 4559675 626
1442 4556720 2955
1441 4552612 4108
1440 4543769 8843
1439 4542186 1583
1438 4540526 1660
1437 4539122 1404
1436 4538514 608
1435 4537498 1016
1434 4534431 3067
1433 4532841 1590
1432 4531456 1385
1431 4522573 8883
1430 4521833 740
1429 4517465 4368
1428 4515991 1474
1427 4508175 7816
1426 4502936 5239
1425 4502241 695
1424 4496189 6052
1423 4495244 945
1422 4479647 15597
1421 4473980 5667
1420 4473160 820
1419 4466923 6237
1418 4458964 7959
1417 4458009 955
1416 4446380 11629
1415 4442031 4349
1414 4438117 3914
1413 4434803 3314
1412 4420613 14190
1411 4416887 3726
1410 4408779 8108
1409 4407069 1710
1408 4403928 3141
1407 4400965 2963
1406 4395564 5401
1405 4393321 2243
1404 4384473 8848
1403 4380030 4443
1402 4374992 5038
1401 4370877 4115
1400 4362807 8070
1399 4350303 12504
1398 4348827 1476
1397 4348022 805
1396 4346263 1759
1395 4345931 332
1394 4336841 9090
1393 4335396 1445
1392 4334297 1099
1391 4330488 3809
1390 4320956 9532
1389 4316227 4729
1388 4307074 9153
1387 4301567 5507
1386 4296293 5274
1385 4294388 1905
1384 4290144 4244
1383 4281947 8197
1382 4279783 2164
1381 4273412 6371
1380 4272557 855
1379 4270379 2178
1378 4268789 1590
1377 4267394 1395
1376 4262276 5118
1375 4254722 7554
1374 4239595 15127
1373 4232887 6708
1372 4227910 4977
1371 4219422 8488
1370 4211873 7549
1369 4203725 8148
1368 4201873 1852
1367 4194992 6881
1366 4189784 5208
1365 4181597 8187
1364 4180210 1387
1363 4178252 1958
1362 4177066 1186
1361 4172570 4496
1360 4156173 16397
1359 4154091 2082
1358 4150508 3583
1357 4146447 4061
1356 4140735 5712
1355 4131822 8913
1354 4113760 18062
1353 4111544 2216
1352 4104099 7445
1351 4102595 1504
1350 4101389 1206
1349 4100001 1388
1348 4095479 4522
1347 4093921 1558
1346 4089741 4180
1345 4085230 4511
1344 4080824 4406
1343 4072391 8433
1342 4052318 20073
1341 4049777 2541
1340 4047288 2489
1339 4043827 3461
1338 4041288 2539
1337 4039217 2071
1336 4036771 2446
1335 4033116 3655
1334 4029853 3263
1333 4026532 3321
1332 4021741 4791
1331 4018392 3349
1330 3998620 19772
1329 3994388 4232
1328 3993259 1129
1327 3990631 2628
1326 3987085 3546
1325 3983564 3521
1324 3979491 4073
1323 3976535 2956
1322 3975585 950
1321 3974329 1256
1320 3969990 4339
1319 3966369 3621
1318 3962582 3787
1317 3958080 4502
1316 3939153 18927
1315 3935593 3560
1314 3932384 3209
1313 3928720 3664
1312 3925474 3246
1311 3922725 2749
1310 3919225 3500
1309 3915481 3744
1308 3912181 3300
1307 3907092 5089
1306 3903655 3437
1305 3902121 1534
1304 3897424 4697
1303 3893891 3533
1302 3890420 3471
1301 3887011 3409
1300 3883734 3277
1299 3879659 4075
1298 3876511 3148
1297 3873403 3108
1296 3869901 3502
1295 3866108 3793
1294 3862619 3489
1293 3858604 4015
1292 3854780 3824
1291 3851107 3673
1290 3847546 3561
1289 3843382 4164
1288 3839373 4009
1287 3835060 4313
1286 3833357 1703
1285 3830278 3079
1284 3826476 3802
1283 3822291 4185
1282 3818804 3487
1281 3816068 2736
1280 3813430 2638
1279 3798844 14586
1278 3795098 3746
1277 3793405 1693
1276 3788684 4721
1275 3785289 3395
1274 3783048 2241
1273 3779414 3634
1272 3769951 9463
1271 3763105 6846
1270 3754756 8349
1269 3753359 1397
1268 3749362 3997
1267 3742969 6393
1266 3740790 2179
1265 3733294 7496
1264 3731508 1786
1263 3725057 6451
1262 3723886 1171
1261 3721458 2428
1260 3716773 4685
1259 3715684 1089
1258 3714201 1483
1257 3706124 8077
1256 3699088 7036
1255 3698278 810
1254 3696636 1642
1253 3695475 1161
1252 3693705 1770
1251 3691952 1753
1250 3689785 2167
1249 3687351 2434
1248 3685881 1470
1247 3684349 1532
1246 3682749 1600
1245 3675868 6881
1244 3671891 3977
1243 3670797 1094
1242 3669426 1371
1241 3665840 3586
1240 3661838 4002
1239 3660357 1481
1238 3647517 12840
1237 3643427 4090
1236 3641633 1794
1235 3638958 2675
1234 3636018 2940
1233 3634791 1227
1232 3630768 4023
1231 3624423 6345
1230 3623078 1345
1229 3621473 1605
1228 3617864 3609
1227 3608972 8892
1226 3608611 361
1225 3604223 4388
1224 3603280 943
1223 3597741 5539
1222 3596634 1107
1221 3595313 1321
1220 3594066 1247
1219 3590879 3187
1218 3589542 1337
1217 3583601 5941
1216 3579774 3827
1215 3577488 2286
1214 3575933 1555
1213 3575391 542
1212 3573537 1854
1211 3570270 3267
1210 3562110 8160
1209 3559794 2316
1208 3558958 836
1207 3557894 1064
1206 3551919 5975
1205 3547331 4588
1204 3545995 1336
1203 3543132 2863
1202 3533647 9485
1201 3516112 17535
1200 3514737 1375
1199 3503939 10798
1198 3503028 911
1197 3501798 1230
1196 3496107 5691
1195 3495022 1085
1194 3493582 1440
1193 3489728 3854
1192 3486195 3533
1191 3485302 893
1190 3463718 21584
1189 3453714 10004
1188 3452358 1356
1187 3451673 685
1186 3449230 2443
1185 3446834 2396
1184 3442285 4549
1183 3429542 12743
1182 3426303 3239
1181 3422053 4250
1180 3413545 8508
1179 3412782 763
1178 3410605 2177
1177 3405882 4723
1176 3403159 2723
1175 3398618 4541
1174 3393941 4677
1173 3393372 569
1172 3390403 2969
1171 3383849 6554
1170 3380230 3619
1169 3378369 1861
1168 3374532 3837
1167 3360845 13687
1166 3356910 3935
1165 3351512 5398
1164 3348872 2640
1163 3346596 2276
1162 3340694 5902
1161 3324913 15781
1160 3323097 1816
1159 3320986 2111
1158 3315394 5592
1157 3313597 1797
1156 3312550 1047
1155 3308071 4479
1154 3306592 1479
1153 3302963 3629
1152 3299578 3385
1151 3295552 4026
1150 3286637 8915
1149 3283591 3046
1148 3279967 3624
1147 3271039 8928
1146 3267950 3089
1145 3265417 2533
1144 3259542 5875
1143 3252929 6613
1142 3250841 2088
1141 3250296 545
1140 3244435 5861
1139 3243881 554
1138 3241919 1962
1137 3239330 2589
1136 3236512 2818
1135 3235304 1208
1134 3228151 7153
1133 3225094 3057
1132 3219788 5306
1131 3211257 8531
1130 3208347 2910
1129 3203629 4718
1128 3202111 1518
1127 3200605 1506
1126 3198847 1758
1125 3195263 3584
1124 3192667 2596
1123 3188090 4577
1122 3178652 9438
1121 3177263 1389
1120 3172861 4402
1119 3170855 2006
1118 3167182 3673
1117 3161607 5575
1116 3158473 3134
1115 3156820 1653
1114 3154720 2100
1113 3144899 9821
1112 3138662 6237
1111 3134885 3777
1110 3131415 3470
1109 3128245 3170
1108 3127631 614
1107 3117546 10085
1106 3112694 4852
1105 3110597 2097
1104 3107316 3281
1103 3103639 3677
1102 3101005 2634
1101 3098848 2157
1100 3097341 1507
1099 3091673 5668
1098 3090774 899
1097 3089995 779
1096 3086103 3892
1095 3083014 3089
1094 3080494 2520
1093 3075255 5239
1092 3074752 503
1091 3066848 7904
1090 3063161 3687
1089 3055908 7253
1088 3054057 1851
1087 3043082 10975
1086 3035255 7827
1085 3030129 5126
1084 3027299 2830
1083 3025713 1586
1082 3002158 23555
1081 2995790 6368
1080 2989826 5964
1079 2988255 1571
1078 2981144 7111
1077 2969920 11224
1076 2944232 25688
1075 2937443 6789
1074 2924886 12557
1073 2921344 3542
1072 2917026 4318
1071 2912660 4366
1070 2892911 19749
1069 2873571 19340
1068 2869897 3674
1067 2867051 2846
1066 2864899 2152
1065 2863649 1250
1064 2858192 5457
1063 2838663 19529
1062 2830770 7893
1061 2819287 11483
1060 2815875 3412
1059 2810493 5382
1058 2805708 4785
1057 2787297 18411
1056 2783868 3429
1055 2780550 3318
1054 2776634 3916
1053 2772883 3751
1052 2768773 4110
1051 2763214 5559
1050 2752721 10493
1049 2748688 4033
1048 2743894 4794
1047 2739697 4197
1046 2734373 5324
1045 2724949 9424
1044 2720327 4622
1043 2703918 16409
1042 2698650 5268
1041 2696997 1653
1040 2689685 7312
1039 2681692 7993
1038 2673845 7847
1037 2665629 8216
1036 2661379 4250
1035 2649465 11914
1034 2645185 4280
1033 2641718 3467
1032 2637803 3915
1031 2634317 3486
1030 2631502 2815
1029 2626825 4677
1028 2620474 6351
1027 2616750 3724
1026 2596930 19820
1025 2592907 4023
1024 2591630 1277
1023 2586278 5352
1022 2581914 4364
1021 2577588 4326
1020 2572614 4974
1019 2568131 4483
1018 2562762 5369
1017 2557094 5668
1016 2549183 7911
1015 2541745 7438
1014 2537451 4294
1013 2531968 5483
1012 2523561 8407
1011 2514600 8961
1010 2510432 4168
1009 2505736 4696
1008 2499236 6500
1007 2492489 6747
1006 2487228 5261
1005 2482384 4844
1004 2476961 5423
1003 2472225 4736
1002 2468422 3803
1001 2457878 10544
1000 2455087 2791
999 2449785 5302
998 2431932 17853
997 2426501 5431
996 2388236 38265
995 2380695 7541
994 2376644 4051
993 2367999 8645
992 2364941 3058
991 2361328 3613
990 2357102 4226
989 2352387 4715
988 2345830 6557
987 2340816 5014
986 2340137 679
985 2339444 693
984 2338794 650
983 2338111 683
982 2337444 667
981 2336759 685
980 2336101 658
979 2335443 658
978 2334793 650
977 2334122 671
976 2333458 664
975 2332791 667
974 2332129 662
973 2331435 694
972 2330700 735
971 2330002 698
970 2329346 656
969 2328682 664
968 2328018 664
967 2327329 689
966 2326614 715
965 2325949 665
964 2325282 667
963 2324588 694
962 2323897 691
961 2323225 672
960 2322561 664
959 2321877 684
958 2321193 684
957 2320478 715
956 2319794 684
955 2319082 712
954 2318399 683
953 2317743 656
952 2317069 674
951 2316371 698
950 2315690 681
949 2314975 715
948 2314290 685
947 2313625 665
946 2312942 683
945 2312273 669
944 2311583 690
943 2310907 676
942 2310200 707
941 2309497 703
940 2308820 677
939 2308140 680
938 2307474 666
937 2306821 653
936 2306134 687
935 2305466 668
934 2304788 678
933 2304123 665
932 2303450 673
931 2302773 677
930 2302103 670
929 2301414 689
928 2300713 701
927 2300022 691
926 2299331 691
925 2298671 660
924 2298001 670
923 2297336 665
922 2296626 710
921 2295928 698
920 2295181 747
919 2294497 684
918 2293789 708
917 2293110 679
916 2292408 702
915 2291692 716
914 2291003 689
913 2290315 688
912 2289631 684
911 2288923 708
910 2288206 717
909 2287527 679
908 2286831 696
907 2286112 719
906 2285441 671
905 2284767 674
904 2284075 692
903 2283401 674
902 2282742 659
901 2282067 675
900 2281401 666
899 2280730 671
898 2280051 679
897 2279357 694
896 2278675 682
895 2277963 712
894 2277283 680
893 2276584 699
892 2275895 689
891 2275198 697
890 2274483 715
889 2273781 702
888 2273100 681
887 2272388 712
886 2271704 684
885 2271021 683
884 2270350 671
883 2269653 697
882 2268979 674
881 2268298 681
880 2267617 681
879 2266902 715
878 2266160 742
877 2265482 678
876 2264790 692
875 2264126 664
874 2263420 706
873 2262740 680
872 2262058 682
871 2261387 671
870 2260713 674
869 2260048 665
868 2259375 673
867 2258727 648
866 2258057 670
865 2257384 673
864 2256707 677
863 2256021 686
862 2255361 660
861 2254654 707
860 2253914 740
859 2253242 672
858 2252533 709
857 2251831 702
856 2251138 693
855 2250450 688
854 2249739 711
853 2249035 704
852 2248341 694
851 2247671 670
850 2246948 723
849 2246249 699
848 2245586 663
847 2244902 684
846 2244242 660
845 2243592 650
844 2242890 702
843 2242234 656
842 2241552 682
841 2240877 675
840 2240206 671
839 2239544 662
838 2238851 693
837 2238092 759
836 2237333 759
835 2236609 724
834 2235916 693
833 2235209 707
832 2234525 684
831 2233867 658
830 2233169 698
829 2232458 711
828 2231765 693
827 2231080 685
826 2230378 702
825 2229694 684
824 2229033 661
823 2228335 698
822 2227622 713
821 2226894 728
820 2226184 710
819 2225474 710
818 2224759 715
817 2224018 741
816 2223280 738
815 2222558 722
814 2221829 729
813 2221099 730
812 2220420 679
811 2219672 748
810 2218960 712
809 2218291 669
808 2217595 696
807 2216893 702
806 2216215 678
805 2215529 686
804 2214808 721
803 2214139 669
802 2213465 674
801 2212751 714
800 2212055 696
799 2211371 684
798 2210689 682
797 2209988 701
796 2209305 683
795 2208628 677
794 2207917 711
793 2207241 676
792 2206539 702
791 2205821 718
790 2205153 668
789 2204449 704
788 2203772 677
787 2203082 690
786 2202410 672
785 2201718 692
784 2201049 669
783 2200386 663
782 2199682 704
781 2199009 673
780 2198325 684
779 2197647 678
778 2196938 709
777 2196185 753
776 2195508 677
775 2194769 739
774 2194041 728
773 2193308 733
772 2192613 695
771 2191929 684
770 2191229 700
769 2190546 683
768 2189827 719
767 2189153 674
766 2188457 696
765 2187779 678
764 2187070 709
763 2186398 672
762 2185720 678
761 2185001 719
760 2184306 695
759 2183625 681
758 2182928 697
757 2182243 685
756 2181574 669
755 2180862 712
754 2180192 670
753 2179482 710
752 2178793 689
751 2178119 674
750 2177406 713
749 2176667 739
748 2175943 724
747 2175224 719
746 2174541 683
745 2173867 674
744 2173173 694
743 2172497 676
742 2171818 679
741 2171152 666
740 2170471 681
739 2169794 677
738 2169136 658
737 2168469 667
736 2167780 689
735 2167105 675
734 2166387 718
733 2165713 674
732 2165036 677
731 2164356 680
730 2163681 675
729 2162970 711
728 2162283 687
727 2161553 730
726 2160830 723
725 2160135 695
724 2159424 711
723 2158747 677
722 2158024 723
721 2157326 698
720 2156628 698
719 2155913 715
718 2155210 703
717 2154499 711
716 2153816 683
715 2153093 723
714 2152373 720
713 2151674 699
712 2150965 709
711 2150287 678
710 2149607 680
709 2148941 666
708 2148272 669
335 1171008 4142
334 1168986 2022
333 1163485 5501
332 1160060 3425
331 1158181 1879
330 1155925 2256
329 1152714 3211
328 1146360 6354
327 1144543 1817
326 1142937 1606
325 1140851 2086
324 1137343 3508
323 1133774 3569
322 1131560 2214
321 1128731 2829
320 1124981 3750
319 1116100 8881
318 1112486 3614
317 1109139 3347
316 1101359 7780
315 1098533 2826
314 1097051 1482
313 1094965 2086
312 1091327 3638
311 1088843 2484
310 1087299 1544
309 1085538 1761
308 1080764 4774
307 1079215 1549
306 1077345 1870
305 1073887 3458
304 1070841 3046
303 1069216 1625
302 1066223 2993
301 1064402 1821
300 1061262 3140
299 1053554 7708
298 1045531 8023
297 1041569 3962
296 1034886 6683
295 1028080 6806
294 1021713 6367
293 1014831 6882
292 1011824 3007
291 1009733 2091
290 1006649 3084
289 1004377 2272
288 1001780 2597
287 999085 2695
286 997421 1664
285 995936 1485
284 993501 2435
283 986171 7330
282 977671 8500
281 975100 2571
280 969511 5589
279 966811 2700
278 963210 3601
277 956426 6784
276 955608 818
275 954458 1150
274 948178 6280
273 941888 6290
272 939724 2164
271 930667 9057
270 927331 3336
269 926315 1016
268 919031 7284
267 914542 4489
266 907557 6985
265 899494 8063
264 898233 1261
263 897239 994
262 894755 2484
261 891459 3296
260 887764 3695
259 884461 3303
258 880968 3493
257 879989 979
256 875974 4015
255 874603 1371
254 873489 1114
253 871241 2248
252 866207 5034
251 862801 3406
250 858989 3812
249 855128 3861
248 852601 2527
247 846119 6482
246 838240 7879
245 833777 4463
244 830712 3065
243 815965 14747
242 810279 5686
241 806473 3806
240 803759 2714
239 794135 9624
238 784570 9565
237 783530 1040
236 779454 4076
235 772523 6931
234 764476 8047
233 762662 1814
232 759679 2983
231 758630 1049
230 751018 7612
229 743461 7557
228 732855 10606
227 729781 3074
226 728703 1078
225 725805 2898
224 722358 3447
223 715723 6635
222 708130 7593
221 705708 2422
220 700279 5429
219 691992 8287
218 683528 8464
217 676481 7047
216 672212 4269
215 667381 4831
214 663504 3877
213 661096 2408
212 658347 2749
211 653732 4615
210 649859 3873
209 640823 9036
208 634399 6424
207 632585 1814
206 625562 7023
205 618179 7383
204 612493 5686
203 603881 8612
202 595692 8189
201 587773 7919
200 586387 1386
199 582985 3402
198 579475 3510
197 570960 8515
196 569336 1624
195 566213 3123
194 564100 2113
193 561403 2697
192 559896 1507
191 553541 6355
190 549843 3698
189 546494 3349
188 544774 1720
187 536441 8333
186 534646 1795
185 531621 3025
184 530025 1596
183 527624 2401
182 523410 4214
181 515250 8160
180 511413 3837
179 509361 2052
178 503587 5774
177 501645 1942
176 499114 2531
175 496519 2595
174 495896 623
173 495389 507
172 494736 653
171 492793 1943
170 490996 1797
169 489849 1147
168 486577 3272
167 483756 2821
166 483117 639
77 167487 2263
76 165089 2398
75 162789 2300
74 161206 1583
73 158659 2547
72 156965 1694
71 156221 744
70 154778 1443
69 152901 1877
68 150620 2281
67 149543 1077
66 146964 2579
65 146135 829
64 145011 1124
63 144470 541
62 141271 3199
61 139464 1807
60 136345 3119
59 134372 1973
58 132131 2241
57 130183 1948
56 128206 1977
55 124831 3375
54 123859 972
53 122759 1100
52 120879 1880
51 119292 1587
50 116838 2454
49 113915 2923
48 112517 1398
47 110750 1767
46 108237 2513
45 105723 2514
44 104169 1554
43 102348 1821
42 101246 1102
41 99978 1268
40 95931 4047
39 92497 3434
38 91649 848
37 85249 6400
36 81950 3299
15 22548 2636
14 20582 1966
13 19565 1017
12 18191 1374
11 17039 1152
10 16118 921
9 14952 1166
8 13195 1757
7 10820 2375
6 9807 1013
1 2828 2715
0 0 2828
2 5543 1267
3 6810 1121
4 7931 878
5 8809 998
16 25184 1290
17 26474 2757
18 29231 2833
19 32064 3013
20 35077 1078
21 36155 3613
22 39768 4322
23 44090 3352
24 47442 5907
25 53349 3327
26 56676 940
27 57616 2345
28 59961 4622
29 64583 822
30 65405 5832
31 71237 1249
32 72486 6043
33 78529 894
34 79423 1635
35 81058 892
78 169750 1087
79 170837 2525
80 173362 1440
81 174802 4170
82 178972 2121
83 181093 1812
84 182905 4222
85 187127 560
86 187687 851
87 188538 2578
88 191116 4222
89 195338 3564
90 198902 927
91 199829 3527
92 203356 1240
93 204596 2407
94 207003 2657
95 209660 2695
96 212355 2770
97 215125 1948
98 217073 2411
99 219484 7147
100 226631 1574
101 228205 1146
102 229351 1146
103 230497 1146
104 231643 819
105 232462 1135
106 233597 8059
107 241656 5534
108 247190 1342
109 248532 2024
110 250556 4755
111 255311 6765
112 262076 8148
113 270224 3908
114 274132 5516
115 279648 1253
116 280901 8800
117 289701 6048
118 295749 2084
119 297833 4447
120 302280 1956
121 304236 9321
122 313557 2418
123 315975 1292
124 317267 2945
125 320212 2177
126 322389 3032
127 325421 946
128 326367 3800
129 330167 2610
130 332777 1536
131 334313 3417
132 337730 1677
133 339407 6368
134 345775 2486
135 348261 2170
136 350431 5069
137 355500 8539
138 364039 5193
139 369232 1102
140 370334 1314
141 371648 1477
142 373125 2481
143 375606 2380
144 377986 1842
145 379828 3509
146 383337 2442
147 385779 3927
148 389706 3757
149 393463 466
150 393929 13406
151 407335 9628
152 416963 2479
153 419442 2106
154 421548 2447
155 423995 2676
156 426671 6371
157 433042 7982
158 441024 5210
159 446234 5930
160 452164 4561
161 456725 2518
162 459243 2504
163 461747 7396
164 469143 8537
165 477680 5437
336 1175150 2733
337 1177883 3755
338 1181638 1764
339 1183402 1556
340 1184958 1543
341 1186501 1641
342 1188142 3635
343 1191777 2743
344 1194520 3977
345 1198497 2392
346 1200889 2411
347 1203300 2592
348 1205892 2393
349 1208285 2501
350 1210786 21949
351 1232735 3212
352 1235947 3601
353 1239548 6314
354 1245862 3106
355 1248968 3316
356 1252284 3427
357 1255711 5209
358 1260920 1627
359 1262547 2608
360 1265155 3430
361 1268585 2469
362 1271054 1101
363 1272155 2378
364 1274533 5090
365 1279623 4224
366 1283847 3031
367 1286878 3786
368 1290664 2656
369 1293320 5424
370 1298744 2545
371 1301289 3775
372 1305064 1119
373 1306183 5234
374 1311417 1458
375 1312875 1238
376 1314113 2063
377 1316176 7420
378 1323596 3341
379 1326937 2555
380 1329492 1611
381 1331103 241
382 1331344 2828
383 1334172 960
384 1335132 1084
385 1336216 15402
386 1351618 6401
387 1358019 13914
388 1371933 753
389 1372686 2068
390 1374754 2611
391 1377365 2793
392 1380158 1786
393 1381944 19846
394 1401790 9058
395 1410848 3588
396 1414436 3570
397 1418006 3411
398 1421417 3352
399 1424769 442
400 1425211 2556
401 1427767 2917
402 1430684 4096
403 1434780 2974
404 1437754 941
405 1438695 3838
406 1442533 28438
407 1470971 4194
408 1475165 7349
409 1482514 9273
410 1491787 30006
411 1521793 19533
412 1541326 954
413 1542280 628
414 1542908 2328
415 1545236 1630
416 1546866 4981
417 1551847 3331
418 1555178 4064
419 1559242 2516
420 1561758 4607
421 1566365 1160
422 1567525 2019
423 1569544 686
424 1570230 433
425 1570663 9858
426 1580521 2313
427 1582834 872
428 1583706 3528
429 1587234 923
430 1588157 2590
431 1590747 3118
432 1593865 348
433 1594213 7180
434 1601393 18882
435 1620275 5689
436 1625964 1318
437 1627282 2195
438 1629477 2363
439 1631840 2624
440 1634464 3643
441 1638107 2365
442 1640472 21886
443 1662358 864
444 1663222 403
445 1663625 1166
446 1664791 3836
447 1668627 1131
448 1669758 3531
449 1673289 3266
450 1676555 1581
451 1678136 1350
452 1679486 2020
453 1681506 2160
454 1683666 1313
455 1684979 3890
456 1688869 550
457 1689419 6448
458 1695867 2575
459 1698442 3664
460 1702106 805
461 1702911 1285
462 1704196 2390
463 1706586 673
464 1707259 790
465 1708049 4996
466 1713045 491
467 1713536 3165
468 1716701 2127
469 1718828 10133
470 1728961 1144
471 1730105 1360
472 1731465 5153
473 1736618 2547
474 1739165 6630
475 1745795 7788
476 1753583 1436
477 1755019 1780
478 1756799 2254
479 1759053 3419
480 1762472 1783
481 1764255 2114
482 1766369 6022
483 1772391 2094
484 1774485 1478
485 1775963 1130
486 1777093 3187
487 1780280 6324
488 1786604 1931
489 1788535 2410
490 1790945 2627
491 1793572 2614
492 1796186 3613
493 1799799 1353
494 1801152 8456
495 1809608 3891
496 1813499 1448
497 1814947 10301
498 1825248 4105
499 1829353 7171
500 1836524 9946
501 1846470 3383
502 1849853 6517
503 1856370 4396
504 1860766 4684
505 1865450 3017
506 1868467 1332
507 1869799 3074
508 1872873 1965
509 1874838 1688
510 1876526 1736
511 1878262 3361
512 1881623 2081
513 1883704 2144
514 1885848 1006
515 1886854 1908
516 1888762 3958
517 1892720 2214
518 1894934 5373
519 1900307 1762
520 1902069 1899
521 1903968 2560
522 1906528 2204
523 1908732 2174
524 1910906 1803
525 1912709 2399
526 1915108 4977
527 1920085 1640
528 1921725 13698
529 1935423 5360
530 1940783 998
531 1941781 14412
532 1956193 1875
533 1958068 1579
534 1959647 1059
535 1960706 1429
536 1962135 1773
537 1963908 6064
538 1969972 2992
539 1972964 3073
540 1976037 2402
541 1978439 1978
542 1980417 2848
543 1983265 5401
544 1988666 15269
545 2003935 7213
546 2011148 3355
547 2014503 3248
548 2017751 2562
549 2020313 2936
550 2023249 1362
551 2024611 2312
552 2026923 5249
553 2032172 1618
554 2033790 1312
555 2035102 1998
556 2037100 2583
557 2039683 1506
558 2041189 1503
559 2042692 1414
560 2044106 2492
561 2046598 694
562 2047292 685
563 2047977 708
564 2048685 689
565 2049374 728
566 2050102 706
567 2050808 717
568 2051525 663
569 2052188 658
570 2052846 680
571 2053526 666
572 2054192 743
573 2054935 711
574 2055646 690
575 2056336 656
576 2056992 701
577 2057693 654
578 2058347 686
579 2059033 671
580 2059704 659
581 2060363 679
582 2061042 672
583 2061714 682
584 2062396 676
585 2063072 694
586 2063766 728
587 2064494 691
588 2065185 686
589 2065871 706
590 2066577 688
591 2067265 694
592 2067959 725
593 2068684 723
594 2069407 700
595 2070107 724
596 2070831 699
597 2071530 733
598 2072263 685
599 2072948 664
600 2073612 697
601 2074309 677
602 2074986 687
603 2075673 664
604 2076337 691
605 2077028 679
606 2077707 677
607 2078384 679
608 2079063 673
609 2079736 685
610 2080421 724
611 2081145 681
612 2081826 710
613 2082536 691
614 2083227 658
615 2083885 696
616 2084581 686
617 2085267 709
618 2085976 689
619 2086665 726
620 2087391 659
621 2088050 680
622 2088730 714
623 2089444 687
624 2090131 696
625 2090827 686
626 2091513 689
627 2092202 707
628 2092909 728
629 2093637 680
630 2094317 712
631 2095029 677
632 2095706 738
633 2096444 694
634 2097138 667
635 2097805 696
636 2098501 679
637 2099180 692
638 2099872 678
639 2100550 665
640 2101215 680
641 2101895 673
642 2102568 690
643 2103258 674
644 2103932 728
645 2104660 703
646 2105363 680
647 2106043 713
648 2106756 681
649 2107437 684
650 2108121 689
651 2108810 686
652 2109496 685
653 2110181 707
654 2110888 690
655 2111578 720
656 2112298 689
657 2112987 665
658 2113652 691
659 2114343 689
660 2115032 705
661 2115737 696
662 2116433 687
663 2117120 680
664 2117800 680
665 2118480 692
666 2119172 667
667 2119839 684
668 2120523 679
669 2121202 683
670 2121885 671
671 2122556 686
672 2123242 680
673 2123922 684
674 2124606 682
675 2125288 698
676 2125986 652
677 2126638 711
678 2127349 689
679 2128038 723
680 2128761 710
681 2129471 690
682 2130161 688
683 2130849 725
684 2131574 739
685 2132313 663
686 2132976 671
687 2133647 711
688 2134358 690
689 2135048 691
690 2135739 699
691 2136438 726
692 2137164 690
693 2137854 708
694 2138562 720
695 2139282 687
696 2139969 697
697 2140666 735
698 2141401 736
699 2142137 687
700 2142824 682
701 2143506 671
702 2144177 676
703 2144853 679
704 2145532 678
705 2146210 709
706 2146919 688
707 2147607 665
1492 4745425 7159
1493 4752584 330
1494 4752914 3201
1495 4756115 2683
1496 4758798 2414
1497 4761212 2633
1498 4763845 3578
1499 4767423 4363
1500 4771786 2617
1501 4774403 4991
1502 4779394 2753
1503 4782147 8207
1504 4790354 2770
1505 4793124 6241
1506 4799365 2470
1507 4801835 1254
1508 4803089 17695
1509 4820784 9814
1510 4830598 2973
1511 4833571 3259
1512 4836830 5882
1513 4842712 3482
1514 4846194 1960
1515 4848154 3080
1516 4851234 4495
1517 4855729 4347
1518 4860076 3714
1519 4863790 3005
1520 4866795 24345
1521 4891140 11186
1522 4902326 16164
1523 4918490 30489
1524 4948979 3785
1525 4952764 4339
1526 4957103 5467
1527 4962570 3026
1528 4965596 2765
1529 4968361 3755
1530 4972116 2148
1531 4974264 4028
1532 4978292 13054
1533 4991346 2534
1534 4993880 1940
1535 4995820 3635
1536 4999455 3872
1537 5003327 3888
1538 5007215 1923
1539 5009138 5441
1540 5014579 6859
1541 5021438 2535
1542 5023973 4598
1543 5028571 6955
1544 5035526 1528
1545 5037054 2463
1546 5039517 2679
1547 5042196 803
1548 5042999 5361
1549 5048360 292
1550 5048652 868
1551 5049520 3568
1552 5053088 5869
1553 5058957 1266
1554 5060223 1410
1555 5061633 2410
1556 5064043 2228
1557 5066271 4062
1558 5070333 2961
1559 5073294 1172
1560 5074466 1812
1561 5076278 2031
1562 5078309 3143
1563 5081452 7145
1564 5088597 8582
1565 5097179 3990
1566 5101169 3996
1567 5105165 4645
1568 5109810 3929
1569 5113739 4662
1570 5118401 1177
1571 5119578 4236
1572 5123814 2740
1573 5126554 1736
1574 5128290 4072
1575 5132362 3892
1576 5136254 2914
1577 5139168 1310
1578 5140478 3187
1579 5143665 7700
1580 5151365 18960
1581 5170325 2229
1582 5172554 3805
1583 5176359 1667
1584 5178026 4261
1585 5182287 5139
1586 5187426 8886
1587 5196312 3160
1588 5199472 8681
1589 5208153 5765
1590 5213918 2189
1591 5216107 4995
1592 5221102 1234
1593 5222336 3902
1594 5226238 6355
1595 5232593 1675
1596 5234268 3472
1597 5237740 2838
1598 5240578 6317
1599 5246895 1801
1600 5248696 6736
1601 5255432 3639
1602 5259071 10468
1603 5269539 7017
1604 5276556 4601
1605 5281157 3563
1606 5284720 6422
1607 5291142 9625
1608 5300767 1623
1609 5302390 2785
1610 5305175 4570
1611 5309745 8708
1612 5318453 1592
1613 5320045 4816
1614 5324861 2712
1615 5327573 740
1616 5328313 5946
1617 5334259 3329
1618 5337588 8925
1619 5346513 3998
1620 5350511 2035
1621 5352546 3417
1622 5355963 7552
1623 5363515 2641
1624 5366156 2735
1625 5368891 9594
1626 5378485 19033
1627 5397518 3123
1628 5400641 2766
1629 5403407 5361
1630 5408768 2270
1631 5411038 4270
1632 5415308 6513
1633 5421821 985
1634 5422806 4894
1635 5427700 8191
1636 5435891 5351
1637 5441242 6644
1638 5447886 949
1639 5448835 3793
1640 5452628 2961
1641 5455589 3590
1642 5459179 2564
1643 5461743 3679
1644 5465422 4693
1645 5470115 9578
1646 5479693 9576
1647 5489269 11506
1648 5500775 2177
1649 5502952 4794
1650 5507746 2889
1651 5510635 1670
1652 5512305 5786
1653 5518091 2053
1654 5520144 1947
1655 5522091 8356
1656 5530447 8770
1657 5539217 2776
1658 5541993 4468
1659 5546461 3156
1660 5549617 1957
1661 5551574 10599
1662 5562173 6287
1663 5568460 5303
1664 5573763 1334
1665 5575097 1882
1666 5576979 3609
1667 5580588 3711
1668 5584299 2540
1669 5586839 7652
1670 5594491 6983
1671 5601474 6462
1672 5607936 8753
1673 5616689 3169
1674 5619858 2834
1675 5622692 1874
1676 5624566 7043
1677 5631609 3443
1678 5635052 2674
1679 5637726 1182
1680 5638908 11560
1681 5650468 10816
1682 5661284 9827
1683 5671111 6894
1684 5678005 8802
1685 5686807 2280
1686 5689087 521
1687 5689608 2780
1688 5692388 624
1689 5693012 4297
1690 5697309 2333
1691 5699642 9134
1692 5708776 6506
1693 5715282 1589
1694 5716871 7399
1695 5724270 2758
1696 5727028 7672
1697 5734700 4484
1698 5739184 2948
1699 5742132 6301
1700 5748433 9239
1701 5757672 2990
1702 5760662 4388
1703 5765050 3896
1704 5768946 1745
1705 5770691 6513
1706 5777204 5461
1707 5782665 5227
1708 5787892 8010
1709 5795902 1871
1710 5797773 2847
1711 5800620 1988
1712 5802608 3127
1713 5805735 2457
1714 5808192 7744
1715 5815936 2671
1716 5818607 2036
1717 5820643 6188
1718 5826831 4245
1719 5831076 4373
1720 5835449 3736
1721 5839185 6848
1722 5846033 3614
1723 5849647 3306
1724 5852953 4626
1725 5857579 5266
1726 5862845 4459
1727 5867304 3427
1728 5870731 4133
1729 5874864 1167
1730 5876031 7930
1731 5883961 4583
1732 5888544 4394
1733 5892938 4388
1734 5897326 4101
1735 5901427 5562
1736 5906989 7774
1737 5914763 2362
1738 5917125 2151
1739 5919276 2960
1740 5922236 2958
1741 5925194 4618
1742 5929812 5425
1743 5935237 3176
1744 5938413 4102
1745 5942515 5416
1746 5947931 4693
1747 5952624 5112
1748 5957736 2508
1749 5960244 2746
1750 5962990 2984
1751 5965974 8231
1752 5974205 1256
1753 5975461 798
1754 5976259 4160
1755 5980419 3346
1756 5983765 1568
1757 5985333 9914
1758 5995247 3051
1759 5998298 8720
1760 6007018 3933
1761 6010951 5232
1762 6016183 4923
1763 6021106 8563
1764 6029669 4793
1765 6034462 3933
1766 6038395 549
1767 6038944 4686
1768 6043630 4382
1769 6048012 3815
1770 6051827 5825
1771 6057652 7216
1772 6064868 6448
1773 6071316 2585
1774 6073901 3363
1775 6077264 989
1776 6078253 22838
1777 6101091 18513
1778 6119604 2602
1779 6122206 8435
1780 6130641 1670
1781 6132311 2413
1782 6134724 7112
1783 6141836 3343
1784 6145179 10948
1785 6156127 2896
1786 6159023 3519
1787 6162542 3238
1788 6165780 4832
1789 6170612 7246
1790 6177858 6897
1791 6184755 6182
1792 6190937 1088
1793 6192025 2805
1794 6194830 3458
1795 6198288 1075
1796 6199363 2454
1797 6201817 1578
1798 6203395 6292
1799 6209687 13553
1800 6223240 2120
1801 6225360 12883
1802 6238243 6447
1803 6244690 2896
1804 6247586 5038
1805 6252624 1978
1806 6254602 9026
1807 6263628 6560
1808 6270188 2496
1809 6272684 6337
1810 6279021 2158
1811 6281179 1025
1812 6282204 5424
1813 6287628 1987
1814 6289615 1520
1815 6291135 1872
1816 6293007 1191
1817 6294198 1198
1818 6295396 6878
1819 6302274 3771
1820 6306045 1043
1821 6307088 2488
1822 6309576 2245
1823 6311821 3245
1824 6315066 2602
1825 6317668 29700
1826 6347368 1117
1827 6348485 1765
1828 6350250 5098
1829 6355348 1273
1830 6356621 1669
1831 6358290 1750
1832 6360040 2434
1833 6362474 1697
1834 6364171 1603
1835 6365774 2644
1836 6368418 3228
1837 6371646 4651
1838 6376297 1804
1839 6378101 978
1840 6379079 1515
1841 6380594 2072
1842 6382666 1548
1843 6384214 1818
1844 6386032 1310
1845 6387342 1922
1846 6389264 1633
1847 6390897 879
1848 6391776 2737
1849 6394513 1890
1850 6396403 6121
1851 6402524 2747
1852 6405271 1421
1853 6406692 1226
1854 6407918 2707
1855 6410625 1476
1856 6412101 2333
1857 6414434 1488
1858 6415922 1360
1859 6417282 2210
1860 6419492 1543
1861 6421035 1733
1862 6422768 5588
1863 6428356 1696
1864 6430052 1316
1865 6431368 2994
1866 6434362 1623
1867 6435985 2803
1868 6438788 886
1869 6439674 1621
1870 6441295 4012
1871 6445307 3252
1872 6448559 3011
1873 6451570 3383
1874 6454953 2730
1875 6457683 1428
1876 6459111 1394
1877 6460505 910
1878 6461415 2187
1879 6463602 1116
1880 6464718 3336
1881 6468054 3207
1882 6471261 3798
1883 6475059 1776
1884 6476835 4904
1885 6481739 1803
1886 6483542 994
1887 6484536 1295
1888 6485831 1010
1889 6486841 1182
1890 6488023 5063
1891 6493086 1873
1892 6494959 1155
1893 6496114 1318
1894 6497432 1260
1895 6498692 4189
1896 6502881 1526
1897 6504407 2704
1898 6507111 2159
1899 6509270 1122
1900 6510392 1857
1901 6512249 5002
1902 6517251 2354
1903 6519605 3156
1904 6522761 5178
1905 6527939 5564
1906 6533503 4692
1907 6538195 5526
1908 6543721 1885
1909 6545606 3816
1910 6549422 6051
1911 6555473 4432
1912 6559905 991
1913 6560896 812
1914 6561708 4168
1915 6565876 2664
1916 6568540 2973
1917 6571513 1260
1918 6572773 1951
1919 6574724 2327
1920 6577051 2701
1921 6579752 2295
1922 6582047 1305
1923 6583352 4681
1924 6588033 4558
1925 6592591 3558
1926 6596149 3120
1927 6599269 4106
1928 6603375 4432
1929 6607807 2784
1930 6610591 3830
1931 6614421 2327
1932 6616748 1750
1933 6618498 2259
1934 6620757 20409
1935 6641166 3271
1936 6644437 4084
1937 6648521 1937
1938 6650458 8672
1939 6659130 2668
1940 6661798 5286
1941 6667084 5338
1942 6672422 3680
1943 6676102 4153
1944 6680255 5915
1945 6686170 3043
1946 6689213 5456
1947 6694669 1757
1948 6696426 2637
1949 6699063 5035
1950 6704098 4791
1951 6708889 3325
1952 6712214 5412
1953 6717626 5493
1954 6723119 4282
1955 6727401 2548
1956 6729949 4413
1957 6734362 7382
1958 6741744 4724
1959 6746468 926
1960 6747394 815
1961 6748209 2250
1962 6750459 1789
1963 6752248 951
1964 6753199 1851
1965 6755050 12091
1966 6767141 4434
1967 6771575 6868
1968 6778443 9946
1969 6788389 1136
1970 6789525 3380
1971 6792905 1420
1972 6794325 3522
1973 6797847 5360
1974 6803207 4668
1975 6807875 5535
1976 6813410 2590
1977 6816000 3936
1978 6819936 3529
1979 6823465 5256
1980 6828721 1324
1981 6830045 9321
1982 6839366 3296
1983 6842662 616
1984 6843278 1552
1985 6844830 3307
1986 6848137 1889
1987 6850026 3272
1988 6853298 5076
1989 6858374 2072
1990 6860446 5803
1991 6866249 2320
1992 6868569 4221
1993 6872790 4913
1994 6877703 9612
1995 6887315 2042
1996 6889357 2668
1997 6892025 3208
1998 6895233 3479
1999 6898712 8358
2000 6907070 2164
2001 6909234 1755
2002 6910989 1055
2003 6912044 1087
2004 6913131 1389
2005 6914520 5345
2006 6919865 5004
2007 6924869 2177
2008 6927046 1764
2009 6928810 4032
2010 6932842 2349
2011 6935191 2283
2012 6937474 7700
2013 6945174 1333
2014 6946507 1510
2015 6948017 4293
2016 6952310 1295
2017 6953605 1259
2018 6954864 1437
2019 6956301 1714
2020 6958015 5180
2021 6963195 2546
2022 6965741 1400
2023 6967141 10814
2024 6977955 9527
2025 6987482 3814
2026 6991296 1511
2027 6992807 2096
2028 6994903 7010
2029 7001913 1884
2030 7003797 7171
2031 7010968 3259
2032 7014227 1939
2033 7016166 12825
2034 7028991 4680
2035 7033671 1403
2036 7035074 2497
2037 7037571 2341
2038 7039912 2173
2039 7042085 3640
2040 7045725 1414
2041 7047139 11075
2042 7058214 1195
2043 7059409 703
2044 7060112 4746
2045 7064858 2066
2046 7066924 1322
2047 7068246 931
2048 7069177 3122
2049 7072299 1920
2050 7074219 2900
2051 7077119 1000
2052 7078119 1342
2053 7079461 1382
2054 7080843 555
2055 7081398 4952
2056 7086350 3260
2057 7089610 2213
2058 7091823 886
2059 7092709 816
2060 7093525 1271
2061 7094796 1611
2062 7096407 796
2063 7097203 1705
2064 7098908 585
2065 7099493 1865
2066 7101358 2494
2067 7103852 2342
2068 7106194 2709
2069 7108903 1675
2070 7110578 648
2071 7111226 2184
2072 7113410 2218
2073 7115628 2220
2074 7117848 2349
2075 7120197 2154
2076 7122351 511
2077 7122862 2450
2078 7125312 1261
2079 7126573 3113
2080 7129686 1583
2081 7131269 735
2082 7132004 1070
2083 7133074 2017
2084 7135091 3140
2085 7138231 6307
2086 7144538 999
2087 7145537 6668
2088 7152205 953
2089 7153158 1163
2090 7154321 6320
2091 7160641 2854
2092 7163495 5073
2093 7168568 9097
2094 7177665 7382
2095 7185047 1841
2096 7186888 3621
2097 7190509 1531
2098 7192040 667
2099 7192707 3312
2100 7196019 2896
2101 7198915 2241
2102 7201156 5704
2103 7206860 4420
2104 7211280 716
2105 7211996 2569
2106 7214565 1558
2107 7216123 2538
2108 7218661 4389
2109 7223050 2935
2110 7225985 5420
2111 7231405 5855
2112 7237260 4468
2113 7241728 2775
2114 7244503 2095
2115 7246598 1085
2116 7247683 835
2117 7248518 2664
2118 7251182 5756
2119 7256938 975
2120 7257913 1817
2121 7259730 1744
2122 7261474 7503
2123 7268977 1234
2124 7270211 2241
2125 7272452 2453
2126 7274905 1417
2127 7276322 586
2128 7276908 5020
2129 7281928 6109
2130 7288037 11615
2131 7299652 1239
2132 7300891 2358
2133 7303249 1274
2134 7304523 2210
2135 7306733 2824
2136 7309557 5195
2137 7314752 2451
2138 7317203 3043
2139 7320246 20039
2140 7340285 2864
2141 7343149 1640
2142 7344789 2273
2143 7347062 1771
2144 7348833 1484
2145 7350317 7345
2146 7357662 4601
2147 7362263 12578
2148 7374841 2410
2149 7377251 1856
2150 7379107 1461
2151 7380568 3136
2152 7383704 1397
2153 7385101 3883
2154 7388984 1146
2155 7390130 1352
2156 7391482 2386
2157 7393868 1975
2158 7395843 2376
2159 7398219 3451
2160 7401670 1004
2161 7402674 7267
2162 7409941 5207
2163 7415148 6549
2164 7421697 4440
2165 7426137 3715
2166 7429852 2768
2167 7432620 30581
2168 7463201 3965
2169 7467166 5166
2170 7472332 2878
2171 7475210 1970
2172 7477180 4714
2173 7481894 1252
2174 7483146 2580
2175 7485726 5037
2176 7490763 9662
2177 7500425 1671
2178 7502096 770
2179 7502866 755
2180 7503621 2937
2181 7506558 1891
2182 7508449 2329
2183 7510778 3189
2184 7513967 2909
2185 7516876 2961
2186 7519837 3033
2187 7522870 2452
2188 7525322 2495
2189 7527817 2564
2190 7530381 881
2191 7531262 1618
2192 7532880 5856
2193 7538736 2592
2194 7541328 1302
2195 7542630 2066
2196 7544696 1589
2197 7546285 2903
2198 7549188 5828
2199 7555016 1209
2200 7556225 2848
2201 7559073 1858
2202 7560931 1251
2203 7562182 1135
2204 7563317 1792
2205 7565109 5978
2206 7571087 3454
2207 7574541 1607
2208 7576148 638
2209 7576786 2730
2210 7579516 913
2211 7580429 5779
2212 7586208 5231
2213 7591439 1627
2214 7593066 778
2215 7593844 807
2216 7594651 2511
2217 7597162 5826
2218 7602988 3743
2219 7606731 3713
2220 7610444 3671
2221 7614115 4052
2222 7618167 3836
2223 7622003 3755
2224 7625758 646
2225 7626404 5790
2226 7632194 712
2227 7632906 2831
2228 7635737 2866
2229 7638603 1099
2230 7639702 1284
2231 7640986 7553
2232 7648539 1489
2233 7650028 2307
2234 7652335 2104
2235 7654439 1477
2236 7655916 970
2237 7656886 1723
2238 7658609 2641
2239 7661250 16949
2240 7678199 1570
2241 7679769 4852
2242 7684621 2132
2243 7686753 2826
2244 7689579 6238
2245 7695817 563
2246 7696380 4047
2247 7700427 2035
2248 7702462 1239
2249 7703701 4623
2250 7708324 874
2251 7709198 2140
2252 7711338 1915
2253 7713253 4153
2254 7717406 4695
2255 7722101 9180
2256 7731281 4127
2257 7735408 2723
2258 7738131 865
2259 7738996 830
2260 7739826 919
2261 7740745 1061
2262 7741806 761
2263 7742567 3244
2264 7745811 766
2265 7746577 6218
2266 7752795 6358
2267 7759153 5748
2268 7764901 10656
2269 7775557 4299
2270 7779856 3023
2271 7782879 6107
2272 7788986 6087
2273 7795073 1704
2274 7796777 6485
2275 7803262 3280
2276 7806542 6689
2277 7813231 8989
2278 7822220 1376
2279 7823596 2928
2280 7826524 1750
2281 7828274 5957
2282 7834231 6738
2283 7840969 6275
2284 7847244 6370
2285 7853614 9630
2286 7863244 9713
2287 7872957 1180
2288 7874137 730
2289 7874867 1170
2290 7876037 3820
2291 7879857 679
2292 7880536 5524
2293 7886060 1395
2294 7887455 2802
2295 7890257 2336
2296 7892593 12241
2297 7904834 2580
2298 7907414 25959
2299 7933373 3734
2300 7937107 4046
2301 7941153 12454
2302 7953607 4361
2303 7957968 3884
2304 7961852 14675
2305 7976527 12297
2306 7988824 3699
2307 7992523 1568
2308 7994091 9076
2309 8003167 1781
2310 8004948 695
2311 8005643 3243
2312 8008886 2838
2313 8011724 5819
2314 8017543 9579
2315 8027122 4047
2316 8031169 1122
2317 8032291 1737
2318 8034028 5512
2319 8039540 4621
2320 8044161 4539
2321 8048700 4418
2322 8053118 1853
2323 8054971 4364
2324 8059335 3669
2325 8063004 6176
2326 8069180 4215
2327 8073395 1121
2328 8074516 752
2329 8075268 8868
2330 8084136 3959
2331 8088095 6995
2332 8095090 1524
2333 8096614 2483
2334 8099097 1103
2335 8100200 1021
2336 8101221 1011
2337 8102232 5324
2338 8107556 10894
2339 8118450 761
2340 8119211 682
2341 8119893 4026
2342 8123919 10032
2343 8133951 1289
2344 8135240 3134
2345 8138374 802
2346 8139176 574
2347 8139750 631
2348 8140381 996
2349 8141377 730
2350 8142107 1743
2351 8143850 12287
2352 8156137 4351
2353 8160488 3635
2354 8164123 3682
2355 8167805 2021
2356 8169826 3239
2357 8173065 2875
2358 8175940 7542
2359 8183482 432
2360 8183914 528
2361 8184442 11186
2362 8195628 4496
2363 8200124 3711
2364 8203835 8991
2365 8212826 3428
2366 8216254 2073
2367 8218327 2022
2368 8220349 7132
2369 8227481 6442
2370 8233923 3707
2371 8237630 2267
2372 8239897 14884
2373 8254781 6421
2374 8261202 1351
2375 8262553 1999
2376 8264552 2959
2377 8267511 2607
2378 8270118 2155
2379 8272273 1612
2380 8273885 773
2381 8274658 1411
2382 8276069 763
2383 8276832 413
2384 8277245 4004
2385 8281249 3071
2386 8284320 4174
2387 8288494 7569
2388 8296063 5429
2389 8301492 1372
2390 8302864 1194
2391 8304058 956
2392 8305014 1885
2393 8306899 2430
2394 8309329 5495
2395 8314824 8075
2396 8322899 2477
2397 8325376 942
2398 8326318 871
2399 8327189 1659
2400 8328848 2263
2401 8331111 7285
2402 8338396 1659
2403 8340055 4772
2404 8344827 2478
2405 8347305 3636
2406 8350941 2701
2407 8353642 6931
2408 8360573 2328
2409 8362901 3031
2410 8365932 4603
2411 8370535 2549
2412 8373084 2903
2413 8375987 1934
2414 8377921 1300
2415 8379221 4746
2416 8383967 1661
2417 8385628 1020
2418 8386648 1624
2419 8388272 1827
2420 8390099 4622
2421 8394721 1699
2422 8396420 2714
2423 8399134 9317
2424 8408451 1905
2425 8410356 2646
2426 8413002 3563
2427 8416565 6151
2428 8422716 3394
2429 8426110 2979
2430 8429089 7865
2431 8436954 1761
2432 8438715 2228
2433 8440943 1673
2434 8442616 989
2435 8443605 1688
2436 8445293 1788
2437 8447081 14813
2438 8461894 7370
2439 8469264 3159
2440 8472423 1706
2441 8474129 1437
2442 8475566 7680
2443 8483246 2016
2444 8485262 2141
2445 8487403 1810
2446 8489213 1706
2447 8490919 2104
2448 8493023 1186
2449 8494209 3768
2450 8497977 1648
2451 8499625 539
2452 8500164 4156
2453 8504320 6069
2454 8510389 1759
2455 8512148 3576
2456 8515724 2470
2457 8518194 5763
2458 8523957 7744
2459 8531701 4934
2460 8536635 931
2461 8537566 1293
2462 8538859 2053
2463 8540912 4070
2464 8544982 3510
2465 8548492 610
2466 8549102 4055
2467 8553157 2901
2468 8556058 2862
2469 8558920 3501
2470 8562421 5585
2471 8568006 4609
2472 8572615 5080
2473 8577695 2725
2474 8580420 9113
2475 8589533 9350
2476 8598883 5545
2477 8604428 7345
2478 8611773 3742
2479 8615515 2591
2480 8618106 8317
2481 8626423 1330
2482 8627753 1902
2483 8629655 3098
2484 8632753 4522
2485 8637275 2040
2486 8639315 1226
2487 8640541 1241
2488 8641782 5275
2489 8647057 2803
2490 8649860 4032
2491 8653892 1161
2492 8655053 2042
2493 8657095 1360
2494 8658455 2912
2495 8661367 1608
2496 8662975 767
2497 8663742 561
2498 8664303 890
2499 8665193 700
2500 8665893 562
2501 8666455 596
2502 8667051 1367
2503 8668418 3536
2504 8671954 3737
2505 8675691 539
2506 8676230 2102
2507 8678332 1357
2508 8679689 3376
2509 8683065 3271
2510 8686336 5326
2511 8691662 3032
2512 8694694 3799
2513 8698493 3276
2514 8701769 3065
2515 8704834 1949
2516 8706783 3224
2517 8710007 3797
2518 8713804 10027
2519 8723831 3840
2520 8727671 3450
2521 8731121 4224
2522 8735345 1543
2523 8736888 1482
2524 8738370 2375
2525 8740745 1974
2526 8742719 3114
2527 8745833 2779
2528 8748612 2407
2529 8751019 426
2530 8751445 445
2531 8751890 456
2532 8752346 503
2533 8752849 475
2534 8753324 480
2535 8753804 506
2536 8754310 543
2537 8754853 491
2538 8755344 521
2539 8755865 493
2540 8756358 489
2541 8756847 504
2542 8757351 472
2543 8757823 541
2544 8758364 641
2545 8759005 674
2546 8759679 648
2547 8760327 693
2548 8761020 675
2549 8761695 651
2550 8762346 604
2551 8762950 569
2552 8763519 678
2553 8764197 688
2554 8764885 658
2555 8765543 653
2556 8766196 656
2557 8766852 656
2558 8767508 656
2559 8768164 653
2560 8768817 647
2561 8769464 658
2562 8770122 661
2563 8770783 674
2564 8771457 657
2565 8772114 570
2566 8772684 650
2567 8773334 703
2568 8774037 646
2569 8774683 389
2570 8775072 691
2571 8775763 674
2572 8776437 451
2573 8776888 656
2574 8777544 654
2575 8778198 696
2576 8778894 652
2577 8779546 649
2578 8780195 353
2579 8780548 570
2580 8781118 659
2581 8781777 645
2582 8782422 570
2583 8782992 650
2584 8783642 678
2585 8784320 686
2586 8785006 654
2587 8785660 312
2588 8785972 329
2589 8786301 657
2590 8786958 307
2591 8787265 329
2592 8787594 684
2593 8788278 652
2594 8788930 679
2595 8789609 649
2596 8790258 659
2597 8790917 654
2598 8791571 658
2599 8792229 677
2600 8792906 677
2601 8793583 656
2602 8794239 674
2603 8794913 674
2604 8795587 652
2605 8796239 649
2606 8796888 646
2607 8797534 648
2608 8798182 638
2609 8798820 642
2610 8799462 644
2611 8800106 652
2612 8800758 661
2613 8801419 653
2614 8802072 678
2615 8802750 602
2616 8803352 672
2617 8804024 661
2618 8804685 643
2619 8805328 657
2620 8805985 677
2621 8806662 655
2622 8807317 657
2623 8807974 652
2624 8808626 654
2625 8809280 684
2626 8809964 663
2627 8810627 677
2628 8811304 685
2629 8811989 644
2630 8812633 634
2631 8813267 648
2632 8813915 652
2633 8814567 663
2634 8815230 656
2635 8815886 659
2636 8816545 674
2637 8817219 646
2638 8817865 658
2639 8818523 644
2640 8819167 677
2641 8819844 651
2642 8820495 661
2643 8821156 674
2644 8821830 638
2645 8822468 648
2646 8823116 653
2647 8823769 665
2648 8824434 657
2649 8825091 654
2650 8825745 674
2651 8826419 660
2652 8827079 642
2653 8827721 677
2654 8828398 648
2655 8829046 661
2656 8829707 726
2657 8830433 663
2658 8831096 676
2659 8831772 630
2660 8832402 639
2661 8833041 646
2662 8833687 654
2663 8834341 662
2664 8835003 654
2665 8835657 652
2666 8836309 656
2667 8836965 643
2668 8837608 676
2669 8838284 676
2670 8838960 645
2671 8839605 648
2672 8840253 676
2673 8840929 636
2674 8841565 649
2675 8842214 652
2676 8842866 665
2677 8843531 653
2678 8844184 653
2679 8844837 676
2680 8845513 654
2681 8846167 640
2682 8846807 644
2683 8847451 650
2684 8848101 647
2685 8848748 650
2686 8849398 655
2687 8850053 665
2688 8850718 655
2689 8851373 654
2690 8852027 711
2691 8852738 643
2692 8853381 700
2693 8854081 692
2694 8854773 645
2695 8855418 652
2696 8856070 651
2697 8856721 639
2698 8857360 649
2699 8858009 648
2700 8858657 666
2701 8859323 654
2702 8859977 685
2703 8860662 645
2704 8861307 666
2705 8861973 659
2706 8862632 643
2707 8863275 680
2708 8863955 634
2709 8864589 649
2710 8865238 653
2711 8865891 660
2712 8866551 656
2713 8867207 641
2714 8867848 641
2715 8868489 635
2716 8869124 659
2717 8869783 657
2718 8870440 636
2719 8871076 650
2720 8871726 654
2721 8872380 664
2722 8873044 654
2723 8873698 685
2724 8874383 641
2725 8875024 708
2726 8875732 632
2727 8876364 657
2728 8877021 695
2729 8877716 651
2730 8878367 641
2731 8879008 650
2732 8879658 653
2733 8880311 637
2734 8880948 649
2735 8881597 654
2736 8882251 710
2737 8882961 640
2738 8883601 654
2739 8884255 662
2740 8884917 674
2741 8885591 637
2742 8886228 651
2743 8886879 648
2744 8887527 663
2745 8888190 657
2746 8888847 672
2747 8889519 667
2748 8890186 658
2749 8890844 640
2750 8891484 662
2751 8892146 679
2752 8892825 677
2753 8893502 680
2754 8894182 639
2755 8894821 658
2756 8895479 642
2757 8896121 645
2758 8896766 677
2759 8897443 656
2760 8898099 715
2761 8898814 656
2762 8899470 1057
2763 8900527 1113
2764 8901640 2163
2765 8903803 1958
2766 8905761 6202
2767 8911963 644
2768 8912607 3101
2769 8915708 1247
2770 8916955 2303
2771 8919258 3500
2772 8922758 4114
2773 8926872 4302
2774 8931174 6280
2775 8937454 3771
2776 8941225 726
2777 8941951 4294
2778 8946245 4098
2779 8950343 567
2780 8950910 1009
2781 8951919 1612
2782 8953531 3678
2783 8957209 3599
2784 8960808 4813
2785 8965621 2717
2786 8968338 2100
2787 8970438 3152
2788 8973590 830
2789 8974420 3168
2790 8977588 2391
2791 8979979 2690
2792 8982669 2573
2793 8985242 3969
2794 8989211 2064
2795 8991275 1881
2796 8993156 4442
2797 8997598 1450
2798 8999048 4417
2799 9003465 3900
2800 9007365 5683
2801 9013048 6667
2802 9019715 4525
2803 9024240 6436
2804 9030676 2558
2805 9033234 3465
2806 9036699 2720
2807 9039419 10452
2808 9049871 779
2809 9050650 9077
2810 9059727 2230
2811 9061957 2542
2812 9064499 2418
2813 9066917 1355
2814 9068272 2967
2815 9071239 10113
2816 9081352 1304
2817 9082656 3981
2818 9086637 1140
2819 9087777 482
2820 9088259 10728
2821 9098987 1859
2822 9100846 3374
2823 9104220 3349
2824 9107569 9681
2825 9117250 2211
2826 9119461 1136
2827 9120597 803
2828 9121400 1061
2829 9122461 1856
2830 9124317 8482
2831 9132799 3464
2832 9136263 6329
2833 9142592 4812
2834 9147404 5609
2835 9153013 1732
2836 9154745 5371
2837 9160116 1716
2838 9161832 1733
2839 9163565 6813
2840 9170378 2782
2841 9173160 1522
2842 9174682 2089
2843 9176771 2596
2844 9179367 2600
2845 9181967 3761
2846 9185728 6541
2847 9192269 8141
2848 9200410 3625
2849 9204035 4964
2850 9208999 3453
2851 9212452 1857
2852 9214309 1005
2853 9215314 1413
2854 9216727 1177
2855 9217904 2114
2856 9220018 1310
2857 9221328 1753
2858 9223081 1806
2859 9224887 2157
2860 9227044 1816
2861 9228860 7640
2862 9236500 18140
2863 9254640 3861
2864 9258501 4399
2865 9262900 3354
2866 9266254 3570
2867 9269824 10328
2868 9280152 4077
2869 9284229 1240
2870 9285469 901
2871 9286370 1502
2872 9287872 982
2873 9288854 1974
2874 9290828 4435
2875 9295263 1653
2876 9296916 6094
2877 9303010 7603
2878 9310613 1958
2879 9312571 3991
2880 9316562 2669
2881 9319231 4757
2882 9323988 8697
2883 9332685 4934
2884 9337619 7974
2885 9345593 4798
2886 9350391 9966
2887 9360357 2122
2888 9362479 1603
2889 9364082 2068
2890 9366150 1847
2891 9367997 2415
2892 9370412 2842
2893 9373254 2574
2894 9375828 13148
2895 9388976 2483
2896 9391459 2174
2897 9393633 3056
2898 9396689 1503
2899 9398192 10076
2900 9408268 9539
2901 9417807 4690
2902 9422497 6994
2903 9429491 3639
2904 9433130 3410
2905 9436540 2859
2906 9439399 5870
2907 9445269 3092
2908 9448361 5760
2909 9454121 4780
2910 9458901 13537
2911 9472438 3832
2912 9476270 2965
2913 9479235 1513
2914 9480748 8062
2915 9488810 5677
2916 9494487 12412
2917 9506899 3812
2918 9510711 2145
2919 9512856 5471
2920 9518327 7899
2921 9526226 10121
2922 9536347 3581
2923 9539928 3375
2924 9543303 2168
2925 9545471 3770
2926 9549241 1456
2927 9550697 7364
2928 9558061 1042
2929 9559103 965
2930 9560068 1574
2931 9561642 3249
2932 9564891 1847
2933 9566738 4007
2934 9570745 4004
2935 9574749 1402
2936 9576151 4913
2937 9581064 2617
2938 9583681 1758
2939 9585439 1989
2940 9587428 1499
2941 9588927 1969
2942 9590896 1580
2943 9592476 2576
2944 9595052 2024
2945 9597076 3756
2946 9600832 961
2947 9601793 1229
2948 9603022 1939
2949 9604961 1448
2950 9606409 3818
2951 9610227 5708
2952 9615935 2251
2953 9618186 2912
2954 9621098 1520
2955 9622618 5763
2956 9628381 2674
2957 9631055 1304
2958 9632359 1285
2959 9633644 1356
2960 9635000 7870
2961 9642870 1723
2962 9644593 2837
2963 9647430 1258
2964 9648688 1424
2965 9650112 5120
2966 9655232 3053
2967 9658285 1317
2968 9659602 2795
2969 9662397 1461
2970 9663858 941
2971 9664799 2773
2972 9667572 1516
2973 9669088 928
2974 9670016 2965
2975 9672981 1207
2976 9674188 8713
2977 9682901 2617
2978 9685518 1645
2979 9687163 2241
2980 9689404 2006
2981 9691410 6229
2982 9697639 2092
2983 9699731 1588
2984 9701319 3153
2985 9704472 2697
2986 9707169 2889
2987 9710058 1058
2988 9711116 1440
2989 9712556 5497
2990 9718053 3608
2991 9721661 2076
2992 9723737 5778
2993 9729515 6742
2994 9736257 1196
2995 9737453 1501
2996 9738954 380
2997 9739334 2205
2998 9741539 2941
2999 9744480 1238
3000 9745718 921
3001 9746639 1878
3002 9748517 2982
3003 9751499 6867
3004 9758366 2675
3005 9761041 1582
3006 9762623 1785
3007 9764408 1714
3008 9766122 8896
3009 9775018 5571
3010 9780589 5631
3011 9786220 5454
3012 9791674 6669
3013 9798343 2087
3014 9800430 19347
3015 9819777 7656
3016 9827433 1834
3017 9829267 1252
3018 9830519 3009
3019 9833528 1868
3020 9835396 2706
3021 9838102 4177
3022 9842279 1433
3023 9843712 609
3024 9844321 6540
3025 9850861 2423
3026 9853284 1844
3027 9855128 3357
3028 9858485 1903
3029 9860388 13578
3030 9873966 559
3031 9874525 1566
3032 9876091 3051
3033 9879142 2388
3034 9881530 2840
3035 9884370 18305
3036 9902675 7381
3037 9910056 1316
3038 9911372 1092
3039 9912464 9038
3040 9921502 11161
3041 9932663 9184
3042 9941847 15904
3043 9957751 8667
3044 9966418 8360
3045 9974778 7275
3046 9982053 11182
3047 9993235 19439
3048 10012674 13523
3049 10026197 5478
3050 10031675 513
3051 10032188 845
3052 10033033 3212
3053 10036245 7345
3054 10043590 560
3055 10044150 1552
3056 10045702 3478
3057 10049180 2109
3058 10051289 9138
3059 10060427 8010
3060 10068437 4698
3061 10073135 2700
3062 10075835 4096
3063 10079931 7133
3064 10087064 3420
3065 10090484 2849
3066 10093333 692
3067 10094025 1071
3068 10095096 1653
3069 10096749 6649
3070 10103398 1365
3071 10104763 11392
3072 10116155 6333
3073 10122488 4425
3074 10126913 25670
3075 10152583 3759
3076 10156342 5149
3077 10161491 8369
3078 10169860 9754
3079 10179614 4636
3080 10184250 9587
3081 10193837 12730
3082 10206567 4675
3083 10211242 10920
3084 10222162 5118
3085 10227280 1769
3086 10229049 3827
3087 10232876 4780
3088 10237656 3723
3089 10241379 10690
3090 10252069 9857
3091 10261926 6789
3092 10268715 6055
3093 10274770 5791
3094 10280561 3914
3095 10284475 3493
3096 10287968 3857
3097 10291825 3345
3098 10295170 12209
3099 10307379 12830
3100 10320209 4242
3101 10324451 2874
3102 10327325 5579
3103 10332904 15834
3104 10348738 4288
3105 10353026 740
3106 10353766 1222
3107 10354988 4403
3108 10359391 4381
3109 10363772 2105
3110 10365877 12969
3111 10378846 8800
3112 10387646 7717
3113 10395363 10676
3114 10406039 6979
3115 10413018 8947
3116 10421965 2357
3117 10424322 8138
3118 10432460 8274
3119 10440734 3910
3120 10444644 5745
3121 10450389 13608
3122 10463997 546
3123 10464543 1553
3124 10466096 3097
3125 10469193 8043
3126 10477236 11503
3127 10488739 2057
3128 10490796 3607
3129 10494403 5165
3130 10499568 5336
3131 10504904 5145
3132 10510049 6305
3133 10516354 1046
3134 10517400 7155
3135 10524555 2951
3136 10527506 4221
3137 10531727 6408
3138 10538135 2897
3139 10541032 1598
3140 10542630 2922
3141 10545552 3404
3142 10548956 1784
3143 10550740 5524
3144 10556264 9000
3145 10565264 2305
3146 10567569 8389
3147 10575958 6788
3148 10582746 6442
3149 10589188 3695
3150 10592883 3389
3151 10596272 2895
3152 10599167 3423
3153 10602590 488
3154 10603078 2179
3155 10605257 3923
3156 10609180 2922
3157 10612102 3578
3158 10615680 2706
3159 10618386 6547
3160 10624933 9375
3161 10634308 8381
3162 10642689 10469
3163 10653158 9661
3164 10662819 10223
3165 10673042 7922
3166 10680964 5445
3167 10686409 6212
3168 10692621 3540
3169 10696161 3985
3170 10700146 1558
3171 10701704 1664
3172 10703368 3152
3173 10706520 3519
3174 10710039 5910
3175 10715949 4597
3176 10720546 3487
3177 10724033 11558
3178 10735591 5125
3179 10740716 4793
3180 10745509 1087
3181 10746596 4142
3182 10750738 3657
3183 10754395 3441
3184 10757836 4564
3185 10762400 7988
3186 10770388 2256
3187 10772644 5522
3188 10778166 4385
3189 10782551 6498
3190 10789049 4770
3191 10793819 2159
3192 10795978 2150
3193 10798128 1506
3194 10799634 3323
3195 10802957 4592
3196 10807549 4145
3197 10811694 6220
3198 10817914 8545
3199 10826459 1868
3200 10828327 5753
3201 10834080 7248
3202 10841328 1281
3203 10842609 4101
3204 10846710 1624
3205 10848334 7209
3206 10855543 2766
3207 10858309 10090
